spliter
Time: Sun Jun 17 16:35:57 +0430 2018
gcc
-D _GNU_SOURCE -Ofast -march=native
-fno-tree-vectorize -fno-tree-slp-vectorize
MUL3 - 64x64 


 A[0][0] = 0, 
 A[0][1] = 0, 
 A[0][2] = 0, 
 A[0][3] = 0, 
 A[0][4] = 0, 
 A[0][5] = 0, 
 A[0][6] = 0, 
 A[0][7] = 0, 
 A[0][8] = 0, 
 A[0][9] = 0, 
 A[0][10] = 0, 
 A[0][11] = 0, 
 A[0][12] = 0, 
 A[0][13] = 0, 
 A[0][14] = 0, 
 A[0][15] = 0, 
 A[0][16] = 0, 
 A[0][17] = 0, 
 A[0][18] = 0, 
 A[0][19] = 0, 
 A[0][20] = 0, 
 A[0][21] = 0, 
 A[0][22] = 0, 
 A[0][23] = 0, 
 A[0][24] = 0, 
 A[0][25] = 0, 
 A[0][26] = 0, 
 A[0][27] = 0, 
 A[0][28] = 0, 
 A[0][29] = 0, 
 A[0][30] = 0, 
 A[0][31] = 0, 
 A[0][32] = 0, 
 A[0][33] = 0, 
 A[0][34] = 0, 
 A[0][35] = 0, 
 A[0][36] = 0, 
 A[0][37] = 0, 
 A[0][38] = 0, 
 A[0][39] = 0, 
 A[0][40] = 0, 
 A[0][41] = 0, 
 A[0][42] = 0, 
 A[0][43] = 0, 
 A[0][44] = 0, 
 A[0][45] = 0, 
 A[0][46] = 0, 
 A[0][47] = 0, 
 A[0][48] = 0, 
 A[0][49] = 0, 
 A[0][50] = 0, 
 A[0][51] = 0, 
 A[0][52] = 0, 
 A[0][53] = 0, 
 A[0][54] = 0, 
 A[0][55] = 0, 
 A[0][56] = 0, 
 A[0][57] = 0, 
 A[0][58] = 0, 
 A[0][59] = 0, 
 A[0][60] = 0, 
 A[0][61] = 0, 
 A[0][62] = 0, 
 A[0][63] = 0, 


 A[1][0] = 0, 
 A[1][1] = 85344, 
 A[1][2] = 170688, 
 A[1][3] = 256032, 
 A[1][4] = 341376, 
 A[1][5] = 426720, 
 A[1][6] = 512064, 
 A[1][7] = 597408, 
 A[1][8] = 682752, 
 A[1][9] = 768096, 
 A[1][10] = 853440, 
 A[1][11] = 938784, 
 A[1][12] = 1024128, 
 A[1][13] = 1109472, 
 A[1][14] = 1194816, 
 A[1][15] = 1280160, 
 A[1][16] = 1302504, 
 A[1][17] = 1145848, 
 A[1][18] = 1060192, 
 A[1][19] = 983536, 
 A[1][20] = 915880, 
 A[1][21] = 904224, 
 A[1][22] = 896568, 
 A[1][23] = 892912, 
 A[1][24] = 893256, 
 A[1][25] = 897600, 
 A[1][26] = 943944, 
 A[1][27] = 991288, 
 A[1][28] = 1003632, 
 A[1][29] = 1053976, 
 A[1][30] = 1105320, 
 A[1][31] = 1157664, 
 A[1][32] = 1148008, 
 A[1][33] = 1079352, 
 A[1][34] = 1015696, 
 A[1][35] = 1014040, 
 A[1][36] = 958384, 
 A[1][37] = 988728, 
 A[1][38] = 940072, 
 A[1][39] = 947416, 
 A[1][40] = 906760, 
 A[1][41] = 943104, 
 A[1][42] = 956448, 
 A[1][43] = 994792, 
 A[1][44] = 1011136, 
 A[1][45] = 1051480, 
 A[1][46] = 1070824, 
 A[1][47] = 1113168, 
 A[1][48] = 1072512, 
 A[1][49] = 1054856, 
 A[1][50] = 959200, 
 A[1][51] = 985544, 
 A[1][52] = 973888, 
 A[1][53] = 945232, 
 A[1][54] = 974576, 
 A[1][55] = 967920, 
 A[1][56] = 945264, 
 A[1][57] = 977608, 
 A[1][58] = 975952, 
 A[1][59] = 959296, 
 A[1][60] = 994640, 
 A[1][61] = 1046984, 
 A[1][62] = 1083328, 
 A[1][63] = 1072672, 


 A[2][0] = 0, 
 A[2][1] = 170688, 
 A[2][2] = 341376, 
 A[2][3] = 512064, 
 A[2][4] = 682752, 
 A[2][5] = 853440, 
 A[2][6] = 1024128, 
 A[2][7] = 1194816, 
 A[2][8] = 1365504, 
 A[2][9] = 1536192, 
 A[2][10] = 1706880, 
 A[2][11] = 1877568, 
 A[2][12] = 2048256, 
 A[2][13] = 2218944, 
 A[2][14] = 2389632, 
 A[2][15] = 2560320, 
 A[2][16] = 2605008, 
 A[2][17] = 2291696, 
 A[2][18] = 2120384, 
 A[2][19] = 1967072, 
 A[2][20] = 1831760, 
 A[2][21] = 1808448, 
 A[2][22] = 1793136, 
 A[2][23] = 1785824, 
 A[2][24] = 1786512, 
 A[2][25] = 1795200, 
 A[2][26] = 1887888, 
 A[2][27] = 1982576, 
 A[2][28] = 2007264, 
 A[2][29] = 2107952, 
 A[2][30] = 2210640, 
 A[2][31] = 2315328, 
 A[2][32] = 2296016, 
 A[2][33] = 2158704, 
 A[2][34] = 2031392, 
 A[2][35] = 2028080, 
 A[2][36] = 1916768, 
 A[2][37] = 1977456, 
 A[2][38] = 1880144, 
 A[2][39] = 1894832, 
 A[2][40] = 1813520, 
 A[2][41] = 1886208, 
 A[2][42] = 1912896, 
 A[2][43] = 1989584, 
 A[2][44] = 2022272, 
 A[2][45] = 2102960, 
 A[2][46] = 2141648, 
 A[2][47] = 2226336, 
 A[2][48] = 2145024, 
 A[2][49] = 2109712, 
 A[2][50] = 1918400, 
 A[2][51] = 1971088, 
 A[2][52] = 1947776, 
 A[2][53] = 1890464, 
 A[2][54] = 1949152, 
 A[2][55] = 1935840, 
 A[2][56] = 1890528, 
 A[2][57] = 1955216, 
 A[2][58] = 1951904, 
 A[2][59] = 1918592, 
 A[2][60] = 1989280, 
 A[2][61] = 2093968, 
 A[2][62] = 2166656, 
 A[2][63] = 2145344, 


 A[3][0] = 0, 
 A[3][1] = 256032, 
 A[3][2] = 512064, 
 A[3][3] = 768096, 
 A[3][4] = 1024128, 
 A[3][5] = 1280160, 
 A[3][6] = 1536192, 
 A[3][7] = 1792224, 
 A[3][8] = 2048256, 
 A[3][9] = 2304288, 
 A[3][10] = 2560320, 
 A[3][11] = 2816352, 
 A[3][12] = 3072384, 
 A[3][13] = 3328416, 
 A[3][14] = 3584448, 
 A[3][15] = 3840480, 
 A[3][16] = 3907512, 
 A[3][17] = 3437544, 
 A[3][18] = 3180576, 
 A[3][19] = 2950608, 
 A[3][20] = 2747640, 
 A[3][21] = 2712672, 
 A[3][22] = 2689704, 
 A[3][23] = 2678736, 
 A[3][24] = 2679768, 
 A[3][25] = 2692800, 
 A[3][26] = 2831832, 
 A[3][27] = 2973864, 
 A[3][28] = 3010896, 
 A[3][29] = 3161928, 
 A[3][30] = 3315960, 
 A[3][31] = 3472992, 
 A[3][32] = 3444024, 
 A[3][33] = 3238056, 
 A[3][34] = 3047088, 
 A[3][35] = 3042120, 
 A[3][36] = 2875152, 
 A[3][37] = 2966184, 
 A[3][38] = 2820216, 
 A[3][39] = 2842248, 
 A[3][40] = 2720280, 
 A[3][41] = 2829312, 
 A[3][42] = 2869344, 
 A[3][43] = 2984376, 
 A[3][44] = 3033408, 
 A[3][45] = 3154440, 
 A[3][46] = 3212472, 
 A[3][47] = 3339504, 
 A[3][48] = 3217536, 
 A[3][49] = 3164568, 
 A[3][50] = 2877600, 
 A[3][51] = 2956632, 
 A[3][52] = 2921664, 
 A[3][53] = 2835696, 
 A[3][54] = 2923728, 
 A[3][55] = 2903760, 
 A[3][56] = 2835792, 
 A[3][57] = 2932824, 
 A[3][58] = 2927856, 
 A[3][59] = 2877888, 
 A[3][60] = 2983920, 
 A[3][61] = 3140952, 
 A[3][62] = 3249984, 
 A[3][63] = 3218016, 


 A[4][0] = 0, 
 A[4][1] = 341376, 
 A[4][2] = 682752, 
 A[4][3] = 1024128, 
 A[4][4] = 1365504, 
 A[4][5] = 1706880, 
 A[4][6] = 2048256, 
 A[4][7] = 2389632, 
 A[4][8] = 2731008, 
 A[4][9] = 3072384, 
 A[4][10] = 3413760, 
 A[4][11] = 3755136, 
 A[4][12] = 4096512, 
 A[4][13] = 4437888, 
 A[4][14] = 4779264, 
 A[4][15] = 5120640, 
 A[4][16] = 5210016, 
 A[4][17] = 4583392, 
 A[4][18] = 4240768, 
 A[4][19] = 3934144, 
 A[4][20] = 3663520, 
 A[4][21] = 3616896, 
 A[4][22] = 3586272, 
 A[4][23] = 3571648, 
 A[4][24] = 3573024, 
 A[4][25] = 3590400, 
 A[4][26] = 3775776, 
 A[4][27] = 3965152, 
 A[4][28] = 4014528, 
 A[4][29] = 4215904, 
 A[4][30] = 4421280, 
 A[4][31] = 4630656, 
 A[4][32] = 4592032, 
 A[4][33] = 4317408, 
 A[4][34] = 4062784, 
 A[4][35] = 4056160, 
 A[4][36] = 3833536, 
 A[4][37] = 3954912, 
 A[4][38] = 3760288, 
 A[4][39] = 3789664, 
 A[4][40] = 3627040, 
 A[4][41] = 3772416, 
 A[4][42] = 3825792, 
 A[4][43] = 3979168, 
 A[4][44] = 4044544, 
 A[4][45] = 4205920, 
 A[4][46] = 4283296, 
 A[4][47] = 4452672, 
 A[4][48] = 4290048, 
 A[4][49] = 4219424, 
 A[4][50] = 3836800, 
 A[4][51] = 3942176, 
 A[4][52] = 3895552, 
 A[4][53] = 3780928, 
 A[4][54] = 3898304, 
 A[4][55] = 3871680, 
 A[4][56] = 3781056, 
 A[4][57] = 3910432, 
 A[4][58] = 3903808, 
 A[4][59] = 3837184, 
 A[4][60] = 3978560, 
 A[4][61] = 4187936, 
 A[4][62] = 4333312, 
 A[4][63] = 4290688, 


 A[5][0] = 0, 
 A[5][1] = 426720, 
 A[5][2] = 853440, 
 A[5][3] = 1280160, 
 A[5][4] = 1706880, 
 A[5][5] = 2133600, 
 A[5][6] = 2560320, 
 A[5][7] = 2987040, 
 A[5][8] = 3413760, 
 A[5][9] = 3840480, 
 A[5][10] = 4267200, 
 A[5][11] = 4693920, 
 A[5][12] = 5120640, 
 A[5][13] = 5547360, 
 A[5][14] = 5974080, 
 A[5][15] = 6400800, 
 A[5][16] = 6512520, 
 A[5][17] = 5729240, 
 A[5][18] = 5300960, 
 A[5][19] = 4917680, 
 A[5][20] = 4579400, 
 A[5][21] = 4521120, 
 A[5][22] = 4482840, 
 A[5][23] = 4464560, 
 A[5][24] = 4466280, 
 A[5][25] = 4488000, 
 A[5][26] = 4719720, 
 A[5][27] = 4956440, 
 A[5][28] = 5018160, 
 A[5][29] = 5269880, 
 A[5][30] = 5526600, 
 A[5][31] = 5788320, 
 A[5][32] = 5740040, 
 A[5][33] = 5396760, 
 A[5][34] = 5078480, 
 A[5][35] = 5070200, 
 A[5][36] = 4791920, 
 A[5][37] = 4943640, 
 A[5][38] = 4700360, 
 A[5][39] = 4737080, 
 A[5][40] = 4533800, 
 A[5][41] = 4715520, 
 A[5][42] = 4782240, 
 A[5][43] = 4973960, 
 A[5][44] = 5055680, 
 A[5][45] = 5257400, 
 A[5][46] = 5354120, 
 A[5][47] = 5565840, 
 A[5][48] = 5362560, 
 A[5][49] = 5274280, 
 A[5][50] = 4796000, 
 A[5][51] = 4927720, 
 A[5][52] = 4869440, 
 A[5][53] = 4726160, 
 A[5][54] = 4872880, 
 A[5][55] = 4839600, 
 A[5][56] = 4726320, 
 A[5][57] = 4888040, 
 A[5][58] = 4879760, 
 A[5][59] = 4796480, 
 A[5][60] = 4973200, 
 A[5][61] = 5234920, 
 A[5][62] = 5416640, 
 A[5][63] = 5363360, 


 A[6][0] = 0, 
 A[6][1] = 512064, 
 A[6][2] = 1024128, 
 A[6][3] = 1536192, 
 A[6][4] = 2048256, 
 A[6][5] = 2560320, 
 A[6][6] = 3072384, 
 A[6][7] = 3584448, 
 A[6][8] = 4096512, 
 A[6][9] = 4608576, 
 A[6][10] = 5120640, 
 A[6][11] = 5632704, 
 A[6][12] = 6144768, 
 A[6][13] = 6656832, 
 A[6][14] = 7168896, 
 A[6][15] = 7680960, 
 A[6][16] = 7815024, 
 A[6][17] = 6875088, 
 A[6][18] = 6361152, 
 A[6][19] = 5901216, 
 A[6][20] = 5495280, 
 A[6][21] = 5425344, 
 A[6][22] = 5379408, 
 A[6][23] = 5357472, 
 A[6][24] = 5359536, 
 A[6][25] = 5385600, 
 A[6][26] = 5663664, 
 A[6][27] = 5947728, 
 A[6][28] = 6021792, 
 A[6][29] = 6323856, 
 A[6][30] = 6631920, 
 A[6][31] = 6945984, 
 A[6][32] = 6888048, 
 A[6][33] = 6476112, 
 A[6][34] = 6094176, 
 A[6][35] = 6084240, 
 A[6][36] = 5750304, 
 A[6][37] = 5932368, 
 A[6][38] = 5640432, 
 A[6][39] = 5684496, 
 A[6][40] = 5440560, 
 A[6][41] = 5658624, 
 A[6][42] = 5738688, 
 A[6][43] = 5968752, 
 A[6][44] = 6066816, 
 A[6][45] = 6308880, 
 A[6][46] = 6424944, 
 A[6][47] = 6679008, 
 A[6][48] = 6435072, 
 A[6][49] = 6329136, 
 A[6][50] = 5755200, 
 A[6][51] = 5913264, 
 A[6][52] = 5843328, 
 A[6][53] = 5671392, 
 A[6][54] = 5847456, 
 A[6][55] = 5807520, 
 A[6][56] = 5671584, 
 A[6][57] = 5865648, 
 A[6][58] = 5855712, 
 A[6][59] = 5755776, 
 A[6][60] = 5967840, 
 A[6][61] = 6281904, 
 A[6][62] = 6499968, 
 A[6][63] = 6436032, 


 A[7][0] = 0, 
 A[7][1] = 597408, 
 A[7][2] = 1194816, 
 A[7][3] = 1792224, 
 A[7][4] = 2389632, 
 A[7][5] = 2987040, 
 A[7][6] = 3584448, 
 A[7][7] = 4181856, 
 A[7][8] = 4779264, 
 A[7][9] = 5376672, 
 A[7][10] = 5974080, 
 A[7][11] = 6571488, 
 A[7][12] = 7168896, 
 A[7][13] = 7766304, 
 A[7][14] = 8363712, 
 A[7][15] = 8961120, 
 A[7][16] = 9117528, 
 A[7][17] = 8020936, 
 A[7][18] = 7421344, 
 A[7][19] = 6884752, 
 A[7][20] = 6411160, 
 A[7][21] = 6329568, 
 A[7][22] = 6275976, 
 A[7][23] = 6250384, 
 A[7][24] = 6252792, 
 A[7][25] = 6283200, 
 A[7][26] = 6607608, 
 A[7][27] = 6939016, 
 A[7][28] = 7025424, 
 A[7][29] = 7377832, 
 A[7][30] = 7737240, 
 A[7][31] = 8103648, 
 A[7][32] = 8036056, 
 A[7][33] = 7555464, 
 A[7][34] = 7109872, 
 A[7][35] = 7098280, 
 A[7][36] = 6708688, 
 A[7][37] = 6921096, 
 A[7][38] = 6580504, 
 A[7][39] = 6631912, 
 A[7][40] = 6347320, 
 A[7][41] = 6601728, 
 A[7][42] = 6695136, 
 A[7][43] = 6963544, 
 A[7][44] = 7077952, 
 A[7][45] = 7360360, 
 A[7][46] = 7495768, 
 A[7][47] = 7792176, 
 A[7][48] = 7507584, 
 A[7][49] = 7383992, 
 A[7][50] = 6714400, 
 A[7][51] = 6898808, 
 A[7][52] = 6817216, 
 A[7][53] = 6616624, 
 A[7][54] = 6822032, 
 A[7][55] = 6775440, 
 A[7][56] = 6616848, 
 A[7][57] = 6843256, 
 A[7][58] = 6831664, 
 A[7][59] = 6715072, 
 A[7][60] = 6962480, 
 A[7][61] = 7328888, 
 A[7][62] = 7583296, 
 A[7][63] = 7508704, 


 A[8][0] = 0, 
 A[8][1] = 682752, 
 A[8][2] = 1365504, 
 A[8][3] = 2048256, 
 A[8][4] = 2731008, 
 A[8][5] = 3413760, 
 A[8][6] = 4096512, 
 A[8][7] = 4779264, 
 A[8][8] = 5462016, 
 A[8][9] = 6144768, 
 A[8][10] = 6827520, 
 A[8][11] = 7510272, 
 A[8][12] = 8193024, 
 A[8][13] = 8875776, 
 A[8][14] = 9558528, 
 A[8][15] = 10241280, 
 A[8][16] = 10420032, 
 A[8][17] = 9166784, 
 A[8][18] = 8481536, 
 A[8][19] = 7868288, 
 A[8][20] = 7327040, 
 A[8][21] = 7233792, 
 A[8][22] = 7172544, 
 A[8][23] = 7143296, 
 A[8][24] = 7146048, 
 A[8][25] = 7180800, 
 A[8][26] = 7551552, 
 A[8][27] = 7930304, 
 A[8][28] = 8029056, 
 A[8][29] = 8431808, 
 A[8][30] = 8842560, 
 A[8][31] = 9261312, 
 A[8][32] = 9184064, 
 A[8][33] = 8634816, 
 A[8][34] = 8125568, 
 A[8][35] = 8112320, 
 A[8][36] = 7667072, 
 A[8][37] = 7909824, 
 A[8][38] = 7520576, 
 A[8][39] = 7579328, 
 A[8][40] = 7254080, 
 A[8][41] = 7544832, 
 A[8][42] = 7651584, 
 A[8][43] = 7958336, 
 A[8][44] = 8089088, 
 A[8][45] = 8411840, 
 A[8][46] = 8566592, 
 A[8][47] = 8905344, 
 A[8][48] = 8580096, 
 A[8][49] = 8438848, 
 A[8][50] = 7673600, 
 A[8][51] = 7884352, 
 A[8][52] = 7791104, 
 A[8][53] = 7561856, 
 A[8][54] = 7796608, 
 A[8][55] = 7743360, 
 A[8][56] = 7562112, 
 A[8][57] = 7820864, 
 A[8][58] = 7807616, 
 A[8][59] = 7674368, 
 A[8][60] = 7957120, 
 A[8][61] = 8375872, 
 A[8][62] = 8666624, 
 A[8][63] = 8581376, 


 A[9][0] = 0, 
 A[9][1] = 768096, 
 A[9][2] = 1536192, 
 A[9][3] = 2304288, 
 A[9][4] = 3072384, 
 A[9][5] = 3840480, 
 A[9][6] = 4608576, 
 A[9][7] = 5376672, 
 A[9][8] = 6144768, 
 A[9][9] = 6912864, 
 A[9][10] = 7680960, 
 A[9][11] = 8449056, 
 A[9][12] = 9217152, 
 A[9][13] = 9985248, 
 A[9][14] = 10753344, 
 A[9][15] = 11521440, 
 A[9][16] = 11722536, 
 A[9][17] = 10312632, 
 A[9][18] = 9541728, 
 A[9][19] = 8851824, 
 A[9][20] = 8242920, 
 A[9][21] = 8138016, 
 A[9][22] = 8069112, 
 A[9][23] = 8036208, 
 A[9][24] = 8039304, 
 A[9][25] = 8078400, 
 A[9][26] = 8495496, 
 A[9][27] = 8921592, 
 A[9][28] = 9032688, 
 A[9][29] = 9485784, 
 A[9][30] = 9947880, 
 A[9][31] = 10418976, 
 A[9][32] = 10332072, 
 A[9][33] = 9714168, 
 A[9][34] = 9141264, 
 A[9][35] = 9126360, 
 A[9][36] = 8625456, 
 A[9][37] = 8898552, 
 A[9][38] = 8460648, 
 A[9][39] = 8526744, 
 A[9][40] = 8160840, 
 A[9][41] = 8487936, 
 A[9][42] = 8608032, 
 A[9][43] = 8953128, 
 A[9][44] = 9100224, 
 A[9][45] = 9463320, 
 A[9][46] = 9637416, 
 A[9][47] = 10018512, 
 A[9][48] = 9652608, 
 A[9][49] = 9493704, 
 A[9][50] = 8632800, 
 A[9][51] = 8869896, 
 A[9][52] = 8764992, 
 A[9][53] = 8507088, 
 A[9][54] = 8771184, 
 A[9][55] = 8711280, 
 A[9][56] = 8507376, 
 A[9][57] = 8798472, 
 A[9][58] = 8783568, 
 A[9][59] = 8633664, 
 A[9][60] = 8951760, 
 A[9][61] = 9422856, 
 A[9][62] = 9749952, 
 A[9][63] = 9654048, 


 A[10][0] = 0, 
 A[10][1] = 853440, 
 A[10][2] = 1706880, 
 A[10][3] = 2560320, 
 A[10][4] = 3413760, 
 A[10][5] = 4267200, 
 A[10][6] = 5120640, 
 A[10][7] = 5974080, 
 A[10][8] = 6827520, 
 A[10][9] = 7680960, 
 A[10][10] = 8534400, 
 A[10][11] = 9387840, 
 A[10][12] = 10241280, 
 A[10][13] = 11094720, 
 A[10][14] = 11948160, 
 A[10][15] = 12801600, 
 A[10][16] = 13025040, 
 A[10][17] = 11458480, 
 A[10][18] = 10601920, 
 A[10][19] = 9835360, 
 A[10][20] = 9158800, 
 A[10][21] = 9042240, 
 A[10][22] = 8965680, 
 A[10][23] = 8929120, 
 A[10][24] = 8932560, 
 A[10][25] = 8976000, 
 A[10][26] = 9439440, 
 A[10][27] = 9912880, 
 A[10][28] = 10036320, 
 A[10][29] = 10539760, 
 A[10][30] = 11053200, 
 A[10][31] = 11576640, 
 A[10][32] = 11480080, 
 A[10][33] = 10793520, 
 A[10][34] = 10156960, 
 A[10][35] = 10140400, 
 A[10][36] = 9583840, 
 A[10][37] = 9887280, 
 A[10][38] = 9400720, 
 A[10][39] = 9474160, 
 A[10][40] = 9067600, 
 A[10][41] = 9431040, 
 A[10][42] = 9564480, 
 A[10][43] = 9947920, 
 A[10][44] = 10111360, 
 A[10][45] = 10514800, 
 A[10][46] = 10708240, 
 A[10][47] = 11131680, 
 A[10][48] = 10725120, 
 A[10][49] = 10548560, 
 A[10][50] = 9592000, 
 A[10][51] = 9855440, 
 A[10][52] = 9738880, 
 A[10][53] = 9452320, 
 A[10][54] = 9745760, 
 A[10][55] = 9679200, 
 A[10][56] = 9452640, 
 A[10][57] = 9776080, 
 A[10][58] = 9759520, 
 A[10][59] = 9592960, 
 A[10][60] = 9946400, 
 A[10][61] = 10469840, 
 A[10][62] = 10833280, 
 A[10][63] = 10726720, 


 A[11][0] = 0, 
 A[11][1] = 938784, 
 A[11][2] = 1877568, 
 A[11][3] = 2816352, 
 A[11][4] = 3755136, 
 A[11][5] = 4693920, 
 A[11][6] = 5632704, 
 A[11][7] = 6571488, 
 A[11][8] = 7510272, 
 A[11][9] = 8449056, 
 A[11][10] = 9387840, 
 A[11][11] = 10326624, 
 A[11][12] = 11265408, 
 A[11][13] = 12204192, 
 A[11][14] = 13142976, 
 A[11][15] = 14081760, 
 A[11][16] = 14327544, 
 A[11][17] = 12604328, 
 A[11][18] = 11662112, 
 A[11][19] = 10818896, 
 A[11][20] = 10074680, 
 A[11][21] = 9946464, 
 A[11][22] = 9862248, 
 A[11][23] = 9822032, 
 A[11][24] = 9825816, 
 A[11][25] = 9873600, 
 A[11][26] = 10383384, 
 A[11][27] = 10904168, 
 A[11][28] = 11039952, 
 A[11][29] = 11593736, 
 A[11][30] = 12158520, 
 A[11][31] = 12734304, 
 A[11][32] = 12628088, 
 A[11][33] = 11872872, 
 A[11][34] = 11172656, 
 A[11][35] = 11154440, 
 A[11][36] = 10542224, 
 A[11][37] = 10876008, 
 A[11][38] = 10340792, 
 A[11][39] = 10421576, 
 A[11][40] = 9974360, 
 A[11][41] = 10374144, 
 A[11][42] = 10520928, 
 A[11][43] = 10942712, 
 A[11][44] = 11122496, 
 A[11][45] = 11566280, 
 A[11][46] = 11779064, 
 A[11][47] = 12244848, 
 A[11][48] = 11797632, 
 A[11][49] = 11603416, 
 A[11][50] = 10551200, 
 A[11][51] = 10840984, 
 A[11][52] = 10712768, 
 A[11][53] = 10397552, 
 A[11][54] = 10720336, 
 A[11][55] = 10647120, 
 A[11][56] = 10397904, 
 A[11][57] = 10753688, 
 A[11][58] = 10735472, 
 A[11][59] = 10552256, 
 A[11][60] = 10941040, 
 A[11][61] = 11516824, 
 A[11][62] = 11916608, 
 A[11][63] = 11799392, 


 A[12][0] = 0, 
 A[12][1] = 1024128, 
 A[12][2] = 2048256, 
 A[12][3] = 3072384, 
 A[12][4] = 4096512, 
 A[12][5] = 5120640, 
 A[12][6] = 6144768, 
 A[12][7] = 7168896, 
 A[12][8] = 8193024, 
 A[12][9] = 9217152, 
 A[12][10] = 10241280, 
 A[12][11] = 11265408, 
 A[12][12] = 12289536, 
 A[12][13] = 13313664, 
 A[12][14] = 14337792, 
 A[12][15] = 15361920, 
 A[12][16] = 15630048, 
 A[12][17] = 13750176, 
 A[12][18] = 12722304, 
 A[12][19] = 11802432, 
 A[12][20] = 10990560, 
 A[12][21] = 10850688, 
 A[12][22] = 10758816, 
 A[12][23] = 10714944, 
 A[12][24] = 10719072, 
 A[12][25] = 10771200, 
 A[12][26] = 11327328, 
 A[12][27] = 11895456, 
 A[12][28] = 12043584, 
 A[12][29] = 12647712, 
 A[12][30] = 13263840, 
 A[12][31] = 13891968, 
 A[12][32] = 13776096, 
 A[12][33] = 12952224, 
 A[12][34] = 12188352, 
 A[12][35] = 12168480, 
 A[12][36] = 11500608, 
 A[12][37] = 11864736, 
 A[12][38] = 11280864, 
 A[12][39] = 11368992, 
 A[12][40] = 10881120, 
 A[12][41] = 11317248, 
 A[12][42] = 11477376, 
 A[12][43] = 11937504, 
 A[12][44] = 12133632, 
 A[12][45] = 12617760, 
 A[12][46] = 12849888, 
 A[12][47] = 13358016, 
 A[12][48] = 12870144, 
 A[12][49] = 12658272, 
 A[12][50] = 11510400, 
 A[12][51] = 11826528, 
 A[12][52] = 11686656, 
 A[12][53] = 11342784, 
 A[12][54] = 11694912, 
 A[12][55] = 11615040, 
 A[12][56] = 11343168, 
 A[12][57] = 11731296, 
 A[12][58] = 11711424, 
 A[12][59] = 11511552, 
 A[12][60] = 11935680, 
 A[12][61] = 12563808, 
 A[12][62] = 12999936, 
 A[12][63] = 12872064, 


 A[13][0] = 0, 
 A[13][1] = 1109472, 
 A[13][2] = 2218944, 
 A[13][3] = 3328416, 
 A[13][4] = 4437888, 
 A[13][5] = 5547360, 
 A[13][6] = 6656832, 
 A[13][7] = 7766304, 
 A[13][8] = 8875776, 
 A[13][9] = 9985248, 
 A[13][10] = 11094720, 
 A[13][11] = 12204192, 
 A[13][12] = 13313664, 
 A[13][13] = 14423136, 
 A[13][14] = 15532608, 
 A[13][15] = 16642080, 
 A[13][16] = 16932552, 
 A[13][17] = 14896024, 
 A[13][18] = 13782496, 
 A[13][19] = 12785968, 
 A[13][20] = 11906440, 
 A[13][21] = 11754912, 
 A[13][22] = 11655384, 
 A[13][23] = 11607856, 
 A[13][24] = 11612328, 
 A[13][25] = 11668800, 
 A[13][26] = 12271272, 
 A[13][27] = 12886744, 
 A[13][28] = 13047216, 
 A[13][29] = 13701688, 
 A[13][30] = 14369160, 
 A[13][31] = 15049632, 
 A[13][32] = 14924104, 
 A[13][33] = 14031576, 
 A[13][34] = 13204048, 
 A[13][35] = 13182520, 
 A[13][36] = 12458992, 
 A[13][37] = 12853464, 
 A[13][38] = 12220936, 
 A[13][39] = 12316408, 
 A[13][40] = 11787880, 
 A[13][41] = 12260352, 
 A[13][42] = 12433824, 
 A[13][43] = 12932296, 
 A[13][44] = 13144768, 
 A[13][45] = 13669240, 
 A[13][46] = 13920712, 
 A[13][47] = 14471184, 
 A[13][48] = 13942656, 
 A[13][49] = 13713128, 
 A[13][50] = 12469600, 
 A[13][51] = 12812072, 
 A[13][52] = 12660544, 
 A[13][53] = 12288016, 
 A[13][54] = 12669488, 
 A[13][55] = 12582960, 
 A[13][56] = 12288432, 
 A[13][57] = 12708904, 
 A[13][58] = 12687376, 
 A[13][59] = 12470848, 
 A[13][60] = 12930320, 
 A[13][61] = 13610792, 
 A[13][62] = 14083264, 
 A[13][63] = 13944736, 


 A[14][0] = 0, 
 A[14][1] = 1194816, 
 A[14][2] = 2389632, 
 A[14][3] = 3584448, 
 A[14][4] = 4779264, 
 A[14][5] = 5974080, 
 A[14][6] = 7168896, 
 A[14][7] = 8363712, 
 A[14][8] = 9558528, 
 A[14][9] = 10753344, 
 A[14][10] = 11948160, 
 A[14][11] = 13142976, 
 A[14][12] = 14337792, 
 A[14][13] = 15532608, 
 A[14][14] = 16727424, 
 A[14][15] = 17922240, 
 A[14][16] = 18235056, 
 A[14][17] = 16041872, 
 A[14][18] = 14842688, 
 A[14][19] = 13769504, 
 A[14][20] = 12822320, 
 A[14][21] = 12659136, 
 A[14][22] = 12551952, 
 A[14][23] = 12500768, 
 A[14][24] = 12505584, 
 A[14][25] = 12566400, 
 A[14][26] = 13215216, 
 A[14][27] = 13878032, 
 A[14][28] = 14050848, 
 A[14][29] = 14755664, 
 A[14][30] = 15474480, 
 A[14][31] = 16207296, 
 A[14][32] = 16072112, 
 A[14][33] = 15110928, 
 A[14][34] = 14219744, 
 A[14][35] = 14196560, 
 A[14][36] = 13417376, 
 A[14][37] = 13842192, 
 A[14][38] = 13161008, 
 A[14][39] = 13263824, 
 A[14][40] = 12694640, 
 A[14][41] = 13203456, 
 A[14][42] = 13390272, 
 A[14][43] = 13927088, 
 A[14][44] = 14155904, 
 A[14][45] = 14720720, 
 A[14][46] = 14991536, 
 A[14][47] = 15584352, 
 A[14][48] = 15015168, 
 A[14][49] = 14767984, 
 A[14][50] = 13428800, 
 A[14][51] = 13797616, 
 A[14][52] = 13634432, 
 A[14][53] = 13233248, 
 A[14][54] = 13644064, 
 A[14][55] = 13550880, 
 A[14][56] = 13233696, 
 A[14][57] = 13686512, 
 A[14][58] = 13663328, 
 A[14][59] = 13430144, 
 A[14][60] = 13924960, 
 A[14][61] = 14657776, 
 A[14][62] = 15166592, 
 A[14][63] = 15017408, 


 A[15][0] = 0, 
 A[15][1] = 1280160, 
 A[15][2] = 2560320, 
 A[15][3] = 3840480, 
 A[15][4] = 5120640, 
 A[15][5] = 6400800, 
 A[15][6] = 7680960, 
 A[15][7] = 8961120, 
 A[15][8] = 10241280, 
 A[15][9] = 11521440, 
 A[15][10] = 12801600, 
 A[15][11] = 14081760, 
 A[15][12] = 15361920, 
 A[15][13] = 16642080, 
 A[15][14] = 17922240, 
 A[15][15] = 19202400, 
 A[15][16] = 19537560, 
 A[15][17] = 17187720, 
 A[15][18] = 15902880, 
 A[15][19] = 14753040, 
 A[15][20] = 13738200, 
 A[15][21] = 13563360, 
 A[15][22] = 13448520, 
 A[15][23] = 13393680, 
 A[15][24] = 13398840, 
 A[15][25] = 13464000, 
 A[15][26] = 14159160, 
 A[15][27] = 14869320, 
 A[15][28] = 15054480, 
 A[15][29] = 15809640, 
 A[15][30] = 16579800, 
 A[15][31] = 17364960, 
 A[15][32] = 17220120, 
 A[15][33] = 16190280, 
 A[15][34] = 15235440, 
 A[15][35] = 15210600, 
 A[15][36] = 14375760, 
 A[15][37] = 14830920, 
 A[15][38] = 14101080, 
 A[15][39] = 14211240, 
 A[15][40] = 13601400, 
 A[15][41] = 14146560, 
 A[15][42] = 14346720, 
 A[15][43] = 14921880, 
 A[15][44] = 15167040, 
 A[15][45] = 15772200, 
 A[15][46] = 16062360, 
 A[15][47] = 16697520, 
 A[15][48] = 16087680, 
 A[15][49] = 15822840, 
 A[15][50] = 14388000, 
 A[15][51] = 14783160, 
 A[15][52] = 14608320, 
 A[15][53] = 14178480, 
 A[15][54] = 14618640, 
 A[15][55] = 14518800, 
 A[15][56] = 14178960, 
 A[15][57] = 14664120, 
 A[15][58] = 14639280, 
 A[15][59] = 14389440, 
 A[15][60] = 14919600, 
 A[15][61] = 15704760, 
 A[15][62] = 16249920, 
 A[15][63] = 16090080, 


 A[16][0] = 0, 
 A[16][1] = 1302504, 
 A[16][2] = 2605008, 
 A[16][3] = 3907512, 
 A[16][4] = 5210016, 
 A[16][5] = 6512520, 
 A[16][6] = 7815024, 
 A[16][7] = 9117528, 
 A[16][8] = 10420032, 
 A[16][9] = 11722536, 
 A[16][10] = 13025040, 
 A[16][11] = 14327544, 
 A[16][12] = 15630048, 
 A[16][13] = 16932552, 
 A[16][14] = 18235056, 
 A[16][15] = 19537560, 
 A[16][16] = 20832064, 
 A[16][17] = 18262568, 
 A[16][18] = 16829072, 
 A[16][19] = 15539576, 
 A[16][20] = 14394080, 
 A[16][21] = 14144584, 
 A[16][22] = 13959088, 
 A[16][23] = 13837592, 
 A[16][24] = 13780096, 
 A[16][25] = 13786600, 
 A[16][26] = 14465104, 
 A[16][27] = 15159608, 
 A[16][28] = 15294112, 
 A[16][29] = 16036616, 
 A[16][30] = 16795120, 
 A[16][31] = 17569624, 
 A[16][32] = 18352128, 
 A[16][33] = 17190632, 
 A[16][34] = 16109136, 
 A[16][35] = 16019640, 
 A[16][36] = 15066144, 
 A[16][37] = 15488648, 
 A[16][38] = 14647152, 
 A[16][39] = 14701656, 
 A[16][40] = 13988160, 
 A[16][41] = 14506664, 
 A[16][42] = 14657168, 
 A[16][43] = 15207672, 
 A[16][44] = 15406176, 
 A[16][45] = 15988680, 
 A[16][46] = 16235184, 
 A[16][47] = 16849688, 
 A[16][48] = 17136192, 
 A[16][49] = 16790696, 
 A[16][50] = 15197200, 
 A[16][51] = 15555704, 
 A[16][52] = 15306208, 
 A[16][53] = 14784712, 
 A[16][54] = 15191216, 
 A[16][55] = 15021720, 
 A[16][56] = 14596224, 
 A[16][57] = 15050728, 
 A[16][58] = 14961232, 
 A[16][59] = 14631736, 
 A[16][60] = 15134240, 
 A[16][61] = 15908744, 
 A[16][62] = 16427248, 
 A[16][63] = 16193752, 


 A[17][0] = 0, 
 A[17][1] = 1145848, 
 A[17][2] = 2291696, 
 A[17][3] = 3437544, 
 A[17][4] = 4583392, 
 A[17][5] = 5729240, 
 A[17][6] = 6875088, 
 A[17][7] = 8020936, 
 A[17][8] = 9166784, 
 A[17][9] = 10312632, 
 A[17][10] = 11458480, 
 A[17][11] = 12604328, 
 A[17][12] = 13750176, 
 A[17][13] = 14896024, 
 A[17][14] = 16041872, 
 A[17][15] = 17187720, 
 A[17][16] = 18262568, 
 A[17][17] = 19294416, 
 A[17][18] = 17533264, 
 A[17][19] = 15925112, 
 A[17][20] = 14469960, 
 A[17][21] = 13966808, 
 A[17][22] = 13531656, 
 A[17][23] = 13164504, 
 A[17][24] = 12865352, 
 A[17][25] = 12634200, 
 A[17][26] = 13117048, 
 A[17][27] = 13616896, 
 A[17][28] = 13521744, 
 A[17][29] = 14072592, 
 A[17][30] = 14640440, 
 A[17][31] = 15225288, 
 A[17][32] = 15756136, 
 A[17][33] = 16283984, 
 A[17][34] = 16896832, 
 A[17][35] = 16563680, 
 A[17][36] = 15312528, 
 A[17][37] = 15523376, 
 A[17][38] = 14391224, 
 A[17][39] = 14211072, 
 A[17][40] = 13214920, 
 A[17][41] = 13527768, 
 A[17][42] = 13449616, 
 A[17][43] = 13796464, 
 A[17][44] = 13769312, 
 A[17][45] = 14150160, 
 A[17][46] = 14174008, 
 A[17][47] = 14588856, 
 A[17][48] = 14592704, 
 A[17][49] = 14987552, 
 A[17][50] = 15056400, 
 A[17][51] = 16199248, 
 A[17][52] = 15696096, 
 A[17][53] = 14903944, 
 A[17][54] = 15097792, 
 A[17][55] = 14679640, 
 A[17][56] = 13989488, 
 A[17][57] = 14234336, 
 A[17][58] = 13901184, 
 A[17][59] = 13313032, 
 A[17][60] = 13608880, 
 A[17][61] = 14193728, 
 A[17][62] = 14506576, 
 A[17][63] = 14020424, 


 A[18][0] = 0, 
 A[18][1] = 1060192, 
 A[18][2] = 2120384, 
 A[18][3] = 3180576, 
 A[18][4] = 4240768, 
 A[18][5] = 5300960, 
 A[18][6] = 6361152, 
 A[18][7] = 7421344, 
 A[18][8] = 8481536, 
 A[18][9] = 9541728, 
 A[18][10] = 10601920, 
 A[18][11] = 11662112, 
 A[18][12] = 12722304, 
 A[18][13] = 13782496, 
 A[18][14] = 14842688, 
 A[18][15] = 15902880, 
 A[18][16] = 16829072, 
 A[18][17] = 17533264, 
 A[18][18] = 18515456, 
 A[18][19] = 16659648, 
 A[18][20] = 14965840, 
 A[18][21] = 14280032, 
 A[18][22] = 13666224, 
 A[18][23] = 13124416, 
 A[18][24] = 12654608, 
 A[18][25] = 12256800, 
 A[18][26] = 12614992, 
 A[18][27] = 12991184, 
 A[18][28] = 12737376, 
 A[18][29] = 13167568, 
 A[18][30] = 13615760, 
 A[18][31] = 14081952, 
 A[18][32] = 14432144, 
 A[18][33] = 14720336, 
 A[18][34] = 15098528, 
 A[18][35] = 15592720, 
 A[18][36] = 16114912, 
 A[18][37] = 16185104, 
 A[18][38] = 14833296, 
 A[18][39] = 14489488, 
 A[18][40] = 13281680, 
 A[18][41] = 13459872, 
 A[18][42] = 13224064, 
 A[18][43] = 13438256, 
 A[18][44] = 13256448, 
 A[18][45] = 13506640, 
 A[18][46] = 13378832, 
 A[18][47] = 13665024, 
 A[18][48] = 13457216, 
 A[18][49] = 13663408, 
 A[18][50] = 13465600, 
 A[18][51] = 14463792, 
 A[18][52] = 14777984, 
 A[18][53] = 14786176, 
 A[18][54] = 15838368, 
 A[18][55] = 15242560, 
 A[18][56] = 14358752, 
 A[18][57] = 14464944, 
 A[18][58] = 13959136, 
 A[18][59] = 13183328, 
 A[18][60] = 13343520, 
 A[18][61] = 13809712, 
 A[18][62] = 13987904, 
 A[18][63] = 13320096, 


 A[19][0] = 0, 
 A[19][1] = 983536, 
 A[19][2] = 1967072, 
 A[19][3] = 2950608, 
 A[19][4] = 3934144, 
 A[19][5] = 4917680, 
 A[19][6] = 5901216, 
 A[19][7] = 6884752, 
 A[19][8] = 7868288, 
 A[19][9] = 8851824, 
 A[19][10] = 9835360, 
 A[19][11] = 10818896, 
 A[19][12] = 11802432, 
 A[19][13] = 12785968, 
 A[19][14] = 13769504, 
 A[19][15] = 14753040, 
 A[19][16] = 15539576, 
 A[19][17] = 15925112, 
 A[19][18] = 16659648, 
 A[19][19] = 17565184, 
 A[19][20] = 15641720, 
 A[19][21] = 14782256, 
 A[19][22] = 13998792, 
 A[19][23] = 13291328, 
 A[19][24] = 12659864, 
 A[19][25] = 12104400, 
 A[19][26] = 12346936, 
 A[19][27] = 12608472, 
 A[19][28] = 12205008, 
 A[19][29] = 12523544, 
 A[19][30] = 12861080, 
 A[19][31] = 13217616, 
 A[19][32] = 13396152, 
 A[19][33] = 13453688, 
 A[19][34] = 13606224, 
 A[19][35] = 13936760, 
 A[19][36] = 14241296, 
 A[19][37] = 15179832, 
 A[19][38] = 15617368, 
 A[19][39] = 15118904, 
 A[19][40] = 13708440, 
 A[19][41] = 13760976, 
 A[19][42] = 13376512, 
 A[19][43] = 13467048, 
 A[19][44] = 13139584, 
 A[19][45] = 13268120, 
 A[19][46] = 12997656, 
 A[19][47] = 13164192, 
 A[19][48] = 12753728, 
 A[19][49] = 12780264, 
 A[19][50] = 12324800, 
 A[19][51] = 13187336, 
 A[19][52] = 13327872, 
 A[19][53] = 13145408, 
 A[19][54] = 14064944, 
 A[19][55] = 14300480, 
 A[19][56] = 14232016, 
 A[19][57] = 15208552, 
 A[19][58] = 14539088, 
 A[19][59] = 13584624, 
 A[19][60] = 13618160, 
 A[19][61] = 13974696, 
 A[19][62] = 14027232, 
 A[19][63] = 13186768, 


 A[20][0] = 0, 
 A[20][1] = 915880, 
 A[20][2] = 1831760, 
 A[20][3] = 2747640, 
 A[20][4] = 3663520, 
 A[20][5] = 4579400, 
 A[20][6] = 5495280, 
 A[20][7] = 6411160, 
 A[20][8] = 7327040, 
 A[20][9] = 8242920, 
 A[20][10] = 9158800, 
 A[20][11] = 10074680, 
 A[20][12] = 10990560, 
 A[20][13] = 11906440, 
 A[20][14] = 12822320, 
 A[20][15] = 13738200, 
 A[20][16] = 14394080, 
 A[20][17] = 14469960, 
 A[20][18] = 14965840, 
 A[20][19] = 15641720, 
 A[20][20] = 16497600, 
 A[20][21] = 15473480, 
 A[20][22] = 14529360, 
 A[20][23] = 13665240, 
 A[20][24] = 12881120, 
 A[20][25] = 12177000, 
 A[20][26] = 12312880, 
 A[20][27] = 12468760, 
 A[20][28] = 11924640, 
 A[20][29] = 12140520, 
 A[20][30] = 12376400, 
 A[20][31] = 12632280, 
 A[20][32] = 12648160, 
 A[20][33] = 12484040, 
 A[20][34] = 12419920, 
 A[20][35] = 12595800, 
 A[20][36] = 12691680, 
 A[20][37] = 13507560, 
 A[20][38] = 13743440, 
 A[20][39] = 14099320, 
 A[20][40] = 14495200, 
 A[20][41] = 14431080, 
 A[20][42] = 13906960, 
 A[20][43] = 13882840, 
 A[20][44] = 13418720, 
 A[20][45] = 13434600, 
 A[20][46] = 13030480, 
 A[20][47] = 13086360, 
 A[20][48] = 12482240, 
 A[20][49] = 12338120, 
 A[20][50] = 11634000, 
 A[20][51] = 12369880, 
 A[20][52] = 12345760, 
 A[20][53] = 11981640, 
 A[20][54] = 12777520, 
 A[20][55] = 12853400, 
 A[20][56] = 12609280, 
 A[20][57] = 13465160, 
 A[20][58] = 13641040, 
 A[20][59] = 13516920, 
 A[20][60] = 14432800, 
 A[20][61] = 14688680, 
 A[20][62] = 14624560, 
 A[20][63] = 13620440, 


 A[21][0] = 0, 
 A[21][1] = 904224, 
 A[21][2] = 1808448, 
 A[21][3] = 2712672, 
 A[21][4] = 3616896, 
 A[21][5] = 4521120, 
 A[21][6] = 5425344, 
 A[21][7] = 6329568, 
 A[21][8] = 7233792, 
 A[21][9] = 8138016, 
 A[21][10] = 9042240, 
 A[21][11] = 9946464, 
 A[21][12] = 10850688, 
 A[21][13] = 11754912, 
 A[21][14] = 12659136, 
 A[21][15] = 13563360, 
 A[21][16] = 14144584, 
 A[21][17] = 13966808, 
 A[21][18] = 14280032, 
 A[21][19] = 14782256, 
 A[21][20] = 15473480, 
 A[21][21] = 16340704, 
 A[21][22] = 15291928, 
 A[21][23] = 14327152, 
 A[21][24] = 13446376, 
 A[21][25] = 12649600, 
 A[21][26] = 12734824, 
 A[21][27] = 12841048, 
 A[21][28] = 12212272, 
 A[21][29] = 12381496, 
 A[21][30] = 12571720, 
 A[21][31] = 12782944, 
 A[21][32] = 12692168, 
 A[21][33] = 12362392, 
 A[21][34] = 12137616, 
 A[21][35] = 12214840, 
 A[21][36] = 12158064, 
 A[21][37] = 12907288, 
 A[21][38] = 12997512, 
 A[21][39] = 13263736, 
 A[21][40] = 13521960, 
 A[21][41] = 14397184, 
 A[21][42] = 14789408, 
 A[21][43] = 14706632, 
 A[21][44] = 14161856, 
 A[21][45] = 14121080, 
 A[21][46] = 13639304, 
 A[21][47] = 13640528, 
 A[21][48] = 12898752, 
 A[21][49] = 12639976, 
 A[21][50] = 11743200, 
 A[21][51] = 12408424, 
 A[21][52] = 12275648, 
 A[21][53] = 11785872, 
 A[21][54] = 12514096, 
 A[21][55] = 12486320, 
 A[21][56] = 12122544, 
 A[21][57] = 12913768, 
 A[21][58] = 12990992, 
 A[21][59] = 12753216, 
 A[21][60] = 13607440, 
 A[21][61] = 13818664, 
 A[21][62] = 14693888, 
 A[21][63] = 14582112, 


 A[22][0] = 0, 
 A[22][1] = 896568, 
 A[22][2] = 1793136, 
 A[22][3] = 2689704, 
 A[22][4] = 3586272, 
 A[22][5] = 4482840, 
 A[22][6] = 5379408, 
 A[22][7] = 6275976, 
 A[22][8] = 7172544, 
 A[22][9] = 8069112, 
 A[22][10] = 8965680, 
 A[22][11] = 9862248, 
 A[22][12] = 10758816, 
 A[22][13] = 11655384, 
 A[22][14] = 12551952, 
 A[22][15] = 13448520, 
 A[22][16] = 13959088, 
 A[22][17] = 13531656, 
 A[22][18] = 13666224, 
 A[22][19] = 13998792, 
 A[22][20] = 14529360, 
 A[22][21] = 15291928, 
 A[22][22] = 16142496, 
 A[22][23] = 15081064, 
 A[22][24] = 14107632, 
 A[22][25] = 13222200, 
 A[22][26] = 13260768, 
 A[22][27] = 13321336, 
 A[22][28] = 12611904, 
 A[22][29] = 12738472, 
 A[22][30] = 12887040, 
 A[22][31] = 13057608, 
 A[22][32] = 12864176, 
 A[22][33] = 12372744, 
 A[22][34] = 11991312, 
 A[22][35] = 11973880, 
 A[22][36] = 11768448, 
 A[22][37] = 12455016, 
 A[22][38] = 12403584, 
 A[22][39] = 12584152, 
 A[22][40] = 12708720, 
 A[22][41] = 13527288, 
 A[22][42] = 13839856, 
 A[22][43] = 14702424, 
 A[22][44] = 15080992, 
 A[22][45] = 14987560, 
 A[22][46] = 14432128, 
 A[22][47] = 14382696, 
 A[22][48] = 13507264, 
 A[22][49] = 13137832, 
 A[22][50] = 12052400, 
 A[22][51] = 12650968, 
 A[22][52] = 12413536, 
 A[22][53] = 11802104, 
 A[22][54] = 12466672, 
 A[22][55] = 12339240, 
 A[22][56] = 11859808, 
 A[22][57] = 12590376, 
 A[22][58] = 12572944, 
 A[22][59] = 12225512, 
 A[22][60] = 13022080, 
 A[22][61] = 13192648, 
 A[22][62] = 14011216, 
 A[22][63] = 13795784, 


 A[23][0] = 0, 
 A[23][1] = 892912, 
 A[23][2] = 1785824, 
 A[23][3] = 2678736, 
 A[23][4] = 3571648, 
 A[23][5] = 4464560, 
 A[23][6] = 5357472, 
 A[23][7] = 6250384, 
 A[23][8] = 7143296, 
 A[23][9] = 8036208, 
 A[23][10] = 8929120, 
 A[23][11] = 9822032, 
 A[23][12] = 10714944, 
 A[23][13] = 11607856, 
 A[23][14] = 12500768, 
 A[23][15] = 13393680, 
 A[23][16] = 13837592, 
 A[23][17] = 13164504, 
 A[23][18] = 13124416, 
 A[23][19] = 13291328, 
 A[23][20] = 13665240, 
 A[23][21] = 14327152, 
 A[23][22] = 15081064, 
 A[23][23] = 15926976, 
 A[23][24] = 14864888, 
 A[23][25] = 13894800, 
 A[23][26] = 13890712, 
 A[23][27] = 13909624, 
 A[23][28] = 13123536, 
 A[23][29] = 13211448, 
 A[23][30] = 13322360, 
 A[23][31] = 13456272, 
 A[23][32] = 13164184, 
 A[23][33] = 12515096, 
 A[23][34] = 11981008, 
 A[23][35] = 11872920, 
 A[23][36] = 11522832, 
 A[23][37] = 12150744, 
 A[23][38] = 11961656, 
 A[23][39] = 12060568, 
 A[23][40] = 12055480, 
 A[23][41] = 12821392, 
 A[23][42] = 13058304, 
 A[23][43] = 13870216, 
 A[23][44] = 14176128, 
 A[23][45] = 15034040, 
 A[23][46] = 15408952, 
 A[23][47] = 15312864, 
 A[23][48] = 14307776, 
 A[23][49] = 13831688, 
 A[23][50] = 12561600, 
 A[23][51] = 13097512, 
 A[23][52] = 12759424, 
 A[23][53] = 12030336, 
 A[23][54] = 12635248, 
 A[23][55] = 12412160, 
 A[23][56] = 11821072, 
 A[23][57] = 12494984, 
 A[23][58] = 12386896, 
 A[23][59] = 11933808, 
 A[23][60] = 12676720, 
 A[23][61] = 12810632, 
 A[23][62] = 13576544, 
 A[23][63] = 13261456, 


 A[24][0] = 0, 
 A[24][1] = 893256, 
 A[24][2] = 1786512, 
 A[24][3] = 2679768, 
 A[24][4] = 3573024, 
 A[24][5] = 4466280, 
 A[24][6] = 5359536, 
 A[24][7] = 6252792, 
 A[24][8] = 7146048, 
 A[24][9] = 8039304, 
 A[24][10] = 8932560, 
 A[24][11] = 9825816, 
 A[24][12] = 10719072, 
 A[24][13] = 11612328, 
 A[24][14] = 12505584, 
 A[24][15] = 13398840, 
 A[24][16] = 13780096, 
 A[24][17] = 12865352, 
 A[24][18] = 12654608, 
 A[24][19] = 12659864, 
 A[24][20] = 12881120, 
 A[24][21] = 13446376, 
 A[24][22] = 14107632, 
 A[24][23] = 14864888, 
 A[24][24] = 15718144, 
 A[24][25] = 14667400, 
 A[24][26] = 14624656, 
 A[24][27] = 14605912, 
 A[24][28] = 13747168, 
 A[24][29] = 13800424, 
 A[24][30] = 13877680, 
 A[24][31] = 13978936, 
 A[24][32] = 13592192, 
 A[24][33] = 12789448, 
 A[24][34] = 12106704, 
 A[24][35] = 11911960, 
 A[24][36] = 11421216, 
 A[24][37] = 11994472, 
 A[24][38] = 11671728, 
 A[24][39] = 11692984, 
 A[24][40] = 11562240, 
 A[24][41] = 12279496, 
 A[24][42] = 12444752, 
 A[24][43] = 13210008, 
 A[24][44] = 13447264, 
 A[24][45] = 14260520, 
 A[24][46] = 14569776, 
 A[24][47] = 15431032, 
 A[24][48] = 15300288, 
 A[24][49] = 14721544, 
 A[24][50] = 13270800, 
 A[24][51] = 13748056, 
 A[24][52] = 13313312, 
 A[24][53] = 12470568, 
 A[24][54] = 13019824, 
 A[24][55] = 12705080, 
 A[24][56] = 12006336, 
 A[24][57] = 12627592, 
 A[24][58] = 12432848, 
 A[24][59] = 11878104, 
 A[24][60] = 12571360, 
 A[24][61] = 12672616, 
 A[24][62] = 13389872, 
 A[24][63] = 12979128, 


 A[25][0] = 0, 
 A[25][1] = 897600, 
 A[25][2] = 1795200, 
 A[25][3] = 2692800, 
 A[25][4] = 3590400, 
 A[25][5] = 4488000, 
 A[25][6] = 5385600, 
 A[25][7] = 6283200, 
 A[25][8] = 7180800, 
 A[25][9] = 8078400, 
 A[25][10] = 8976000, 
 A[25][11] = 9873600, 
 A[25][12] = 10771200, 
 A[25][13] = 11668800, 
 A[25][14] = 12566400, 
 A[25][15] = 13464000, 
 A[25][16] = 13786600, 
 A[25][17] = 12634200, 
 A[25][18] = 12256800, 
 A[25][19] = 12104400, 
 A[25][20] = 12177000, 
 A[25][21] = 12649600, 
 A[25][22] = 13222200, 
 A[25][23] = 13894800, 
 A[25][24] = 14667400, 
 A[25][25] = 15540000, 
 A[25][26] = 15462600, 
 A[25][27] = 15410200, 
 A[25][28] = 14482800, 
 A[25][29] = 14505400, 
 A[25][30] = 14553000, 
 A[25][31] = 14625600, 
 A[25][32] = 14148200, 
 A[25][33] = 13195800, 
 A[25][34] = 12368400, 
 A[25][35] = 12091000, 
 A[25][36] = 11463600, 
 A[25][37] = 11986200, 
 A[25][38] = 11533800, 
 A[25][39] = 11481400, 
 A[25][40] = 11229000, 
 A[25][41] = 11901600, 
 A[25][42] = 11999200, 
 A[25][43] = 12721800, 
 A[25][44] = 12894400, 
 A[25][45] = 13667000, 
 A[25][46] = 13914600, 
 A[25][47] = 14737200, 
 A[25][48] = 14484800, 
 A[25][49] = 14807400, 
 A[25][50] = 14180000, 
 A[25][51] = 14602600, 
 A[25][52] = 14075200, 
 A[25][53] = 13122800, 
 A[25][54] = 13620400, 
 A[25][55] = 13218000, 
 A[25][56] = 12415600, 
 A[25][57] = 12988200, 
 A[25][58] = 12710800, 
 A[25][59] = 12058400, 
 A[25][60] = 12706000, 
 A[25][61] = 12778600, 
 A[25][62] = 13451200, 
 A[25][63] = 12948800, 


 A[26][0] = 0, 
 A[26][1] = 943944, 
 A[26][2] = 1887888, 
 A[26][3] = 2831832, 
 A[26][4] = 3775776, 
 A[26][5] = 4719720, 
 A[26][6] = 5663664, 
 A[26][7] = 6607608, 
 A[26][8] = 7551552, 
 A[26][9] = 8495496, 
 A[26][10] = 9439440, 
 A[26][11] = 10383384, 
 A[26][12] = 11327328, 
 A[26][13] = 12271272, 
 A[26][14] = 13215216, 
 A[26][15] = 14159160, 
 A[26][16] = 14465104, 
 A[26][17] = 13117048, 
 A[26][18] = 12614992, 
 A[26][19] = 12346936, 
 A[26][20] = 12312880, 
 A[26][21] = 12734824, 
 A[26][22] = 13260768, 
 A[26][23] = 13890712, 
 A[26][24] = 14624656, 
 A[26][25] = 15462600, 
 A[26][26] = 16392544, 
 A[26][27] = 16348488, 
 A[26][28] = 15394432, 
 A[26][29] = 15428376, 
 A[26][30] = 15488320, 
 A[26][31] = 15574264, 
 A[26][32] = 15048208, 
 A[26][33] = 13988152, 
 A[26][34] = 13058096, 
 A[26][35] = 12740040, 
 A[26][36] = 12017984, 
 A[26][37] = 12531928, 
 A[26][38] = 11991872, 
 A[26][39] = 11907816, 
 A[26][40] = 11575760, 
 A[26][41] = 12245704, 
 A[26][42] = 12317648, 
 A[26][43] = 13039592, 
 A[26][44] = 13189536, 
 A[26][45] = 13963480, 
 A[26][46] = 14191424, 
 A[26][47] = 15017368, 
 A[26][48] = 14685312, 
 A[26][49] = 14951256, 
 A[26][50] = 14189200, 
 A[26][51] = 14599144, 
 A[26][52] = 15021088, 
 A[26][53] = 14001032, 
 A[26][54] = 14488976, 
 A[26][55] = 14040920, 
 A[26][56] = 13176864, 
 A[26][57] = 13742808, 
 A[26][58] = 13424752, 
 A[26][59] = 12716696, 
 A[26][60] = 13360640, 
 A[26][61] = 13446584, 
 A[26][62] = 14116528, 
 A[26][63] = 13564472, 


 A[27][0] = 0, 
 A[27][1] = 991288, 
 A[27][2] = 1982576, 
 A[27][3] = 2973864, 
 A[27][4] = 3965152, 
 A[27][5] = 4956440, 
 A[27][6] = 5947728, 
 A[27][7] = 6939016, 
 A[27][8] = 7930304, 
 A[27][9] = 8921592, 
 A[27][10] = 9912880, 
 A[27][11] = 10904168, 
 A[27][12] = 11895456, 
 A[27][13] = 12886744, 
 A[27][14] = 13878032, 
 A[27][15] = 14869320, 
 A[27][16] = 15159608, 
 A[27][17] = 13616896, 
 A[27][18] = 12991184, 
 A[27][19] = 12608472, 
 A[27][20] = 12468760, 
 A[27][21] = 12841048, 
 A[27][22] = 13321336, 
 A[27][23] = 13909624, 
 A[27][24] = 14605912, 
 A[27][25] = 15410200, 
 A[27][26] = 16348488, 
 A[27][27] = 17313776, 
 A[27][28] = 16334064, 
